50
500
7 17
7 26
18 26
29 41
0 5
21 37
6 48
0 23
10 27
10 45
44 47
25 43
14 15
3 15
22 28
3 33
15 16
36 48
7 12
17 44
18 21
18 30
48 49
0 9
21 41
10 22
10 31
2 27
33 42
2 36
2 45
3 28
36 43
7 16
9 44
6 29
29 31
21 27
6 38
29 40
40 49
2 13
10 35
25 33
2 31
25 42
2 49
24 46
14 32
36 38
9 30
5 41
28 43
9 39
6 15
21 22
29 35
6 33
6 42
21 49
39 48
10 12
2 26
13 32
24 32
32 45
35 41
3 18
14 18
1 48
17 20
28 29
36 42
5 36
9 34
5 45
17 47
6 10
9 43
21 35
39 43
2 30
32 40
24 36
35 36
1 43
24 45
9 11
5 22
36 37
17 33
28 42
17 42
9 38
5 49
9 47
21 30
20 34
10 11
23 39
12 39
23 48
4 44
24 40
35 40
16 36
1 47
5 8
17 19
5 17
5 26
9 24
17 37
5 35
28 37
27 41
8 46
42 48
19 46
30 46
20 29
12 25
23 25
23 34
31 47
4 30
12 43
23 43
4 39
1 15
32 39
16 22
13 35
16 31
13 44
35 44
1 42
16 49
5 21
9 19
8 32
30 41
8 41
11 46
0 46
12 20
20 33
31 42
4 25
4 34
1 10
1 19
16 17
1 28
24 30
16 26
5 7
9 14
26 48
7 44
27 40
30 36
19 36
8 36
11 32
42 47
11 41
0 41
12 15
20 28
23 24
20 37
4 20
12 33
23 33
4 29
4 38
34 39
13 16
45 48
1 23
24 25
16 21
1 32
26 34
15 43
7 48
27 35
11 18
8 31
0 27
11 27
0 36
8 49
20 23
31 32
4 24
22 41
1 18
37 39
37 48
26 29
7 25
18 25
15 38
7 43
0 4
11 13
8 26
27 39
11 22
8 35
0 31
11 31
11 40
12 14
44 46
1 4
14 41
3 41
15 24
18 20
7 20
18 29
18 47
8 12
8 21
19 30
11 35
41 45
10 48
25 46
2 44
3 36
14 45
7 15
15 28
15 37
29 48
40 48
19 25
11 12
0 12
0 21
33 45
2 39
25 41
22 26
3 22
14 22
22 35
34 37
3 31
3 40
14 49
3 49
26 32
7 28
18 37
7 37
6 41
29 43
21 39
0 16
21 48
10 29
25 27
25 36
10 47
25 45
3 8
36 41
7 23
9 42
21 25
6 36
40 47
21 43
2 20
10 33
25 31
33 44
25 40
2 38
2 47
43 48
32 48
3 30
14 30
17 32
36 45
9 37
5 48
9 46
29 33
40 42
6 49
25 35
2 33
32 43
3 7
35 39
13 39
13 48
14 25
16 44
17 18
9 23
17 36
5 43
17 45
6 26
6 44
10 14
2 10
20 46
10 32
2 37
35 43
13 43
16 39
5 20
36 44
9 27
5 38
6 12
9 45
6 30
21 28
6 39
39 45
20 41
10 18
2 14
12 46
23 46
2 23
4 42
13 20
32 33
13 29
24 29
32 42
16 25
13 38
1 36
24 47
1 45
16 43
9 13
28 35
5 33
28 44
42 46
20 27
10 13
12 32
2 9
31 45
20 45
12 41
2 18
4 37
1 22
13 24
16 20
13 33
32 46
16 29
1 49
16 47
17 21
17 30
9 26
5 37
9 35
27 34
6 20
8 48
11 44
0 44
20 22
12 18
20 31
39 44
12 27
23 27
31 40
4 23
2 4
12 36
23 36
31 49
4 32
23 45
12 45
1 8
13 19
24 28
1 26
16 33
1 44
38 39
9 21
5 32
8 25
19 34
19 43
42 45
11 39
12 13
12 22
31 35
12 31
12 40
1 3
4 36
23 49
1 12
13 14
45 46
16 19
5 9
19 20
0 25
30 38
8 38
11 34
30 47
20 21
31 39
4 40
13 18
22 48
1 25
37 46
16 23
15 27
15 36
18 41
8 15
0 11
30 33
27 46
0 29
20 25
4 17
25 49
4 26
1 2
4 35
22 34
14 48
15 22
7 18
15 31
18 27
15 40
15 49
8 10
0 6
27 32
11 15
0 15
11 24
0 24
30 37
19 37
33 39
44 48
33 48
4 21
22 29
14 34
14 43
7 13
15 26
26 44
0 1
7 49
8 14
18 49
40 46
0 10
19 23
11 19
30 32
11 28
33 34
25 30
10 41
25 39
4 16
2 46
3 20
14 20
34 35
14 29
37 40
3 38
